1636828881717 0.70538141721442 1
1636829347538 0.5588508477833319 2
1636829812543 0.5023747634076952 3
1636830286224 0.42361958755804247 4
1636830786536 0.39844754582613484 5
1636831285865 0.35432749154792176 6
1636831787745 0.3487556178901598 7
1636832290490 0.34384309014807496 8
1636832792058 0.34180309088145305 9
1636833291491 0.3414199450473191 10
1636833791973 0.33484601253990826 11
1636834292354 0.3303289953262665 12
1636834792212 0.3178311130083553 13
1636835291612 0.32078494840496286 14
1636835791415 0.30019126756290343 15
1636836292681 0.3025809456484031 16
1636836792549 0.29134514641945697 17
1636837293198 0.2920075868188359 18
1636837794403 0.28313791274611533 19
1636838296271 0.2783787838034379 20
