1636828881716 9.45114748159644 1
1636829347537 9.18269545677627 2
1636829812542 9.578667263540273 3
1636830286223 9.998889651887062 4
1636830786535 10.10916028875548 5
1636831285864 10.79708279938782 6
1636831787744 10.675363200017127 7
1636832290489 10.63753071071519 8
1636832792057 10.585710122903588 9
1636833291490 10.678124096051272 10
1636833791972 10.616801491792616 11
1636834292353 10.663783084715643 12
1636834792211 10.730546253213955 13
1636835291611 10.727398190630474 14
1636835791414 10.888230978631853 15
1636836292680 10.968246634360826 16
1636836792548 11.06801248905941 17
1636837293197 11.106959060217331 18
1636837794401 11.212878298579295 19
1636838296270 11.307918013853751 20
