1636828881718 0.08468556426822088 1
1636829347538 0.07461807713550644 2
1636829812544 0.0739063910408044 3
1636830286225 0.07304553024339436 4
1636830786537 0.07156193329757947 5
1636831285865 0.07243010001233603 6
1636831787746 0.07145374410736471 7
1636832290491 0.07083788949348764 8
1636832792059 0.07017148023738669 9
1636833291492 0.0702342235227526 10
1636833791974 0.06924213690293826 11
1636834292355 0.06933327203508588 12
1636834792212 0.0687181889034939 13
1636835291612 0.0684678884894031 14
1636835791416 0.06866190270978198 15
1636836292683 0.06893061059210402 16
1636836792550 0.06871284843992527 17
1636837293198 0.06876134150086782 18
1636837794404 0.06871211077426784 19
1636838296271 0.0690620634545307 20
