1636828881719 0.8966851694758052 1
1636829347539 0.897828790522943 2
1636829812545 0.89636976106341 3
1636830286226 0.8991823177193514 4
1636830786538 0.9021049555362922 5
1636831285866 0.9000349932713833 6
1636831787747 0.9002205672732528 7
1636832290492 0.9010719856026791 8
1636832792059 0.9018944062574084 9
1636833291493 0.9015554470739677 10
1636833791975 0.9037949076227337 11
1636834292356 0.9032952028197666 12
1636834792213 0.9051614344270164 13
1636835291613 0.9051421092799689 14
1636835791417 0.9045189360527308 15
1636836292684 0.9038571345115489 16
1636836792551 0.904346876961158 17
1636837293199 0.9040915658852315 18
1636837794405 0.9045441187899419 19
1636838296272 0.9036186101454632 20
