1636621169619 0.618883237479225 1
1636621671667 0.6107749257768903 2
1636622173597 0.5739013798653133 3
1636622674909 0.5379581295308613 4
1636623177010 0.4841694070233239 5
1636623679004 0.48442107155209496 6
1636624181200 0.48517630119172356 7
1636624680373 0.5077357211756328 8
1636625177890 0.4592627149725717 9
1636625674605 0.4861711977966248 10
1636626171484 0.485022944590402 11
1636626668558 0.4879021890579708 12
1636627165636 0.5129783853651986 13
1636627662691 0.5280395093418303 14
1636628159754 0.5062534738154638 15
1636628657318 0.4952802506704179 16
1636629155007 0.5085288546388111 17
1636629653297 0.5288489617052532 18
1636630150875 0.4899031406357175 19
1636630649381 0.5178598610181657 20
