1636621169618 22.085908102610755 1
1636621671666 11.67502976977636 2
1636622173596 10.471955768645756 3
1636622674908 10.020492871602377 4
1636623177009 9.91301223209926 5
1636623679003 9.794218320695181 6
1636624181199 9.739968103075784 7
1636624680372 9.340293626936655 8
1636625177888 9.284578883458698 9
1636625674604 9.195562241569398 10
1636626171483 8.997503416878837 11
1636626668557 9.426732138981896 12
1636627165635 8.630165372576032 13
1636627662690 8.552049810924228 14
1636628159753 8.61334182345678 15
1636628657317 8.650686211056179 16
1636629155006 8.646163667951312 17
1636629653296 8.582379734705365 18
1636630150874 8.470904933081734 19
1636630649380 8.43395878019787 20
