1636621169620 0.2110265408243452 1
1636621671667 0.10712378342000264 2
1636622173598 0.09346458895338906 3
1636622674910 0.08822897951754313 4
1636623177011 0.08564557596331551 5
1636623679004 0.08352753768364589 6
1636624181201 0.08222150767133349 7
1636624680374 0.0794315417371099 8
1636625177890 0.07755615798726914 9
1636625674606 0.07669840622988958 10
1636626171485 0.07440251005547387 11
1636626668558 0.07776700646158248 12
1636627165637 0.07213589549064636 13
1636627662692 0.07121255579921934 14
1636628159754 0.0711540323164728 15
1636628657318 0.071075210732127 16
1636629155008 0.07089001815470439 17
1636629653298 0.07013935548445535 18
1636630150876 0.06971535311331825 19
1636630649382 0.06876595673106965 20
