1636621169621 0.8006457381305241 1
1636621671668 0.8834523000414409 2
1636622173599 0.8878248892133198 3
1636622674911 0.8877682269565643 4
1636623177012 0.8871705087404402 5
1636623679005 0.8843552034998697 6
1636624181202 0.8832011184995137 7
1636624680375 0.8890846191890656 8
1636625177891 0.8924369906622266 9
1636625674607 0.8922772521064395 10
1636626171486 0.89711974916004 11
1636626668559 0.8924055875293793 12
1636627165638 0.8999242385228475 13
1636627662692 0.9010369701991006 14
1636628159755 0.9003022341501146 15
1636628657319 0.9013991989786663 16
1636629155009 0.9000568446658906 17
1636629653299 0.9007179245116219 18
1636630150877 0.9013349044890631 19
1636630649383 0.9027347138949803 20
