1636632391629 0.5006406196456412 1
1636633024981 0.4703948344050036 2
1636633657921 0.4686014086120675 3
1636634290549 0.43790386206181886 4
1636634923829 0.41961115522483733 5
1636635560569 0.39858159126540277 6
1636636197570 0.39046471220645257 7
1636636834300 0.39468740215454656 8
1636637472266 0.3899020180819317 9
1636638110823 0.38981117397284026 10
1636638748190 0.3964956088427933 11
1636639386039 0.391279076617821 12
1636640023996 0.3900582586450301 13
1636640668305 0.38871821759066894 14
1636641301397 0.3904572203042225 15
1636641934862 0.3861794975490054 16
1636642568052 0.38236647532919715 17
1636643201454 0.37384546006506575 18
1636643836465 0.37129439486364274 19
1636644474076 0.3720994032253171 20
