1636632391628 10.743108728250268 1
1636633024980 9.328648021659562 2
1636633657920 9.009363430993684 3
1636634290548 9.031161084403319 4
1636634923828 9.032737200806663 5
1636635560568 9.070843892373727 6
1636636197569 9.065801665885022 7
1636636834299 9.042010750758557 8
1636637472265 9.003368500678304 9
1636638110822 9.021295392062862 10
1636638748189 8.933090134772005 11
1636639386038 8.945480467750684 12
1636640023995 8.92816604378842 13
1636640668303 8.92291709409853 14
1636641301395 8.895062194843437 15
1636641934860 8.874992523865975 16
1636642568051 8.930766566874698 17
1636643201453 8.980445004230182 18
1636643836464 9.028188127714682 19
1636644474074 8.994867330834607 20
