1636632391630 0.09131588358009793 1
1636633024982 0.07335814035659473 2
1636633657921 0.06958110376779619 3
1636634290550 0.0676544802146084 4
1636634923829 0.066434493458241 5
1636635560570 0.06552628027814762 6
1636636197571 0.06449979976833017 7
1636636834301 0.06446813344017084 8
1636637472267 0.06351155941597461 9
1636638110823 0.06363131649398084 10
1636638748190 0.06266747034654509 11
1636639386040 0.06272390618995395 12
1636640023996 0.062450642955093 13
1636640668306 0.06229717280687553 14
1636641301398 0.06218476207452998 15
1636641934863 0.06162786114613716 16
1636642568053 0.06181775096437943 17
1636643201454 0.0615567027021115 18
1636643836465 0.0613408059369707 19
1636644474077 0.06126152036397223 20
