1636632391631 0.8796753501862062 1
1636633024983 0.8943111212487785 2
1636633657922 0.9016886785889152 3
1636634290551 0.904747957036237 4
1636634923830 0.9076675299433077 5
1636635560571 0.9088748849609336 6
1636636197572 0.910722818092375 7
1636636834302 0.9106323353889907 8
1636637472267 0.9128216142017835 9
1636638110824 0.9122401538663908 10
1636638748191 0.9143119086246346 11
1636639386041 0.913991898973883 12
1636640023997 0.9141748704297716 13
1636640668307 0.9145147352434826 14
1636641301399 0.9146123928447214 15
1636641934864 0.9156328270957812 16
1636642568054 0.915083276234586 17
1636643201455 0.915504179493306 18
1636643836466 0.9158081302114338 19
1636644474078 0.9162307427572063 20
