1636647078664 0.7436018870819726 1
1636647714899 0.70521258437063 2
1636648352302 0.632246188237625 3
1636648993734 0.5500526430512256 4
1636649634290 0.4863568148624987 5
1636650275669 0.4761343634192379 6
1636650916655 0.4630153269664166 7
1636651557723 0.4450263356456829 8
1636652199063 0.41281633940466705 9
1636652840133 0.40125077721013 10
1636653481657 0.3846340315383613 11
1636654123028 0.37813859390474913 12
1636654763987 0.36374584337701127 13
1636655404735 0.3586825614630876 14
1636656045644 0.3526635985098948 15
1636656686819 0.33746851037587194 16
1636657328064 0.33732183353895656 17
1636657969648 0.34485888343670357 18
1636658610784 0.327498797535596 19
1636659252056 0.3281001710433804 20
