1636647078663 9.136876003447949 1
1636647714898 7.276031085285792 2
1636648352301 7.560466635437396 3
1636648993733 8.229155392971087 4
1636649634289 8.813554051060521 5
1636650275668 8.859747546265648 6
1636650916654 8.866935741511039 7
1636651557722 9.048208495171304 8
1636652199062 9.294816068558008 9
1636652840132 9.479985556134048 10
1636653481656 9.642709619632596 11
1636654123027 9.830758554569119 12
1636654763986 9.904271770544556 13
1636655404734 10.033553045642766 14
1636656045643 10.14501141252686 15
1636656686819 10.273479295437522 16
1636657328063 10.3068527344192 17
1636657969647 10.242052940637699 18
1636658610783 10.427373308618964 19
1636659252055 10.506950850931164 20
