1636647078665 0.08394513799426538 1
1636647714899 0.06567703470099782 2
1636648352303 0.0650788075959202 3
1636648993735 0.0668255164675058 4
1636649634291 0.06817192757685178 5
1636650275670 0.06739433604651494 6
1636650916656 0.06643587044564543 7
1636651557723 0.06673365126478882 8
1636652199064 0.06636831645175852 9
1636652840134 0.06685452252551351 10
1636653481657 0.06666469096630737 11
1636654123029 0.06695285166053087 12
1636654763988 0.06671287886028926 13
1636655404736 0.06659896782498516 14
1636656045645 0.06681147203862817 15
1636656686820 0.06686974067419242 16
1636657328064 0.06702552195497664 17
1636657969649 0.06648058560242881 18
1636658610785 0.06678638503105574 19
1636659252057 0.06678725427171445 20
