1636647078666 0.9013131921777797 1
1636647714900 0.9243066481739207 2
1636648352304 0.9180582886679046 3
1636648993735 0.9104275896206911 4
1636649634292 0.9078355644151606 5
1636650275671 0.9087778455964864 6
1636650916657 0.9103485801057791 7
1636651557724 0.9094138062570798 8
1636652199064 0.9102918403575042 9
1636652840135 0.9095218913380986 10
1636653481658 0.910295377360183 11
1636654123029 0.909348409842484 12
1636654763989 0.9091582694341914 13
1636655404737 0.909203048437008 14
1636656045646 0.9086272547467229 15
1636656686821 0.9089956071875257 16
1636657328065 0.9085147950150805 17
1636657969649 0.9094975852545923 18
1636658610785 0.9091055975753054 19
1636659252057 0.9095441110488449 20
